800 800 900 960 990 990 1000 1000 1020 1050
1090 1100 1100 1100 1120 1150 1150 1150 1170 1180
1190 1200 1200 1200 1200 1200 1200 1200 1250 1250
1250 1250 1250 1270 1280 1280 1280 1290 1290 1300
1300 1300 1300 1300 1300 1300 1320 1350 1350 1350
1350 1350 1350 1350 1350 1350 1350 1360 1370 1370
1380 1380 1380 1390 1390 1390 1390 1400 1400 1400
1400 1400 1400 1400 1400 1400 1440 1450 1450 1450
1450 1460 1490 1490 1490 1500 1500 1500 1500 1500
1500 1500 1500 1500 1500 1500 1500 1500 1520 1550
1550 1550 1550 1550 1560 1580 1580 1590 1600 1600
1600 1600 1600 1600 1600 1600 1600 1600 1600 1600
1600 1600 1600 1630 1650 1650 1670 1680 1680 1690
1700 1700 1700 1700 1700 1700 1720 1750 1750 1750
1750 1750 1770 1780 1780 1780 1800 1800 1800 1800
1800 1830 1840 1850 1870 1880 1880 1890 1900 1900
1900 1950 1950 1950 1980 1980 1980 1980 1980 1990
2000 2000 2000 2000 2030 2050 2080 2100 2150 2200
2200 2200 2200 2200 2230 2240 2300 2450 2500 2500
2550 2600 2700 2750 2950 2950 3000 3100 3200 3490
3770
